0 1 3.82644118e-06 1.01958588e-05 4.38251863e-07 -3.82641805e-06 1 -2.26811332e-06 1.70197912e-06 -1.01958675e-05 2.26807431e-06 1 5.20565221e-06
9 0.999999301 0.000145384212 0.00117307487 -0.0227054507 -0.000145300646 0.999999987 -7.13214364e-05 0.0011420864 -0.00117308523 7.1150938e-05 0.999999309 -0.00163783439
15 0.999994603 0.00111832685 0.0030890816 -0.0739580335 -0.00111715108 0.999999303 -0.000382319144 0.00344978312 -0.00308950701 0.00037886611 0.999995156 -0.00490814841
19 0.999990124 0.00181174503 0.0040582233 -0.127004245 -0.00181425198 0.999998166 0.000614148816 0.0059333084 -0.00405710318 -0.000621505391 0.999991577 -0.00669169871
22 0.999981408 0.00383207455 0.00474330878 -0.180930382 -0.00383475011 0.999992493 0.00055510392 0.00817333649 -0.00474114598 -0.000573283003 0.999988596 -0.00892962269
25 0.999971938 0.00484992389 0.00570979278 -0.233092706 -0.004854573 0.999987896 0.000800656546 0.0106907275 -0.00570584054 -0.000828352683 0.999983378 -0.0110594439
27 0.999966624 0.00547676021 0.00606269108 -0.276751572 -0.00548442917 0.99998418 0.00124904166 0.0127116226 -0.00605575447 -0.00128225037 0.999980842 -0.0124614122
29 0.999957692 0.00630441085 0.00669837258 -0.326760666 -0.00631197016 0.999979465 0.001107988 0.0149968797 -0.00669124983 -0.00115022105 0.999976952 -0.0146729078
31 0.999950235 0.00688249479 0.00722205835 -0.37246169 -0.00688851528 0.999975947 0.00080908182 0.0174090311 -0.00721631614 -0.000858790815 0.999973593 -0.0165331398
33 0.99993878 0.00797886337 0.00766647999 -0.427025363 -0.00798088028 0.999968125 0.000232523797 0.0201904856 -0.00766438035 -0.000293694821 0.999970585 -0.0193791916
35 0.999929598 0.00861177852 0.0081630694 -0.4795477 -0.00860914856 0.999962877 -0.00035726315 0.0229717666 -0.00816584303 0.000286960921 0.999966618 -0.0212347394
37 0.999921215 0.00916484494 0.00857725558 -0.532413257 -0.00916037297 0.999957886 -0.000560517826 0.0250924154 -0.00858203142 0.000481902806 0.999963058 -0.022918742
39 0.99990165 0.0102650908 0.00955609682 -0.583794492 -0.0102524565 0.999946503 -0.00137017204 0.0271951983 -0.00956965054 0.00127206382 0.999953401 -0.0252308372
41 0.999883628 0.011977368 0.00944848105 -0.632218064 -0.0119751612 0.999928253 -0.000290104173 0.0291996459 -0.00945127783 0.00017692333 0.99995532 -0.0265195516
43 0.999868399 0.0128350924 0.00992196728 -0.679117101 -0.0128365867 0.999917604 8.69356112e-05 0.0312085483 -0.00992003392 -0.000214288364 0.999950772 -0.0272057394
45 0.999854283 0.0137664382 0.010094438 -0.719376655 -0.0137759304 0.999904728 0.00087140843 0.0328914177 -0.0100814801 -0.00101034173 0.99994867 -0.0280485788
47 0.999836115 0.0148047441 0.0104193531 -0.769060826 -0.014813061 0.99989002 0.000721497991 0.0347310397 -0.0104075255 -0.000875722261 0.999945457 -0.0302898946
49 0.999826709 0.0153188819 0.0105774886 -0.819589192 -0.0153277834 0.999882233 0.000760993579 0.0369959189 -0.0105645854 -0.000922991161 0.999943767 -0.0322228913
50 0.999809609 0.01613997 0.0109656873 -0.843975248 -0.0161507011 0.999869172 0.000890754241 0.0380000548 -0.0109498759 -0.00106768819 0.999939478 -0.0323446485
52 0.999799171 0.0165021498 0.0113709014 -0.883146389 -0.0165037431 0.999863803 4.63009557e-05 0.039491874 -0.0113685887 -0.000233954094 0.999935348 -0.0343154993
54 0.999771061 0.0177028813 0.0120180542 -0.929181185 -0.0177041836 0.999843269 1.97140436e-06 0.0414174498 -0.0120161357 -0.000214740791 0.999927781 -0.0359593854
56 0.999753837 0.0181475331 0.0127644753 -0.96928376 -0.0181556003 0.99983504 0.000516404802 0.0437255805 -0.0127529982 -0.000748024394 0.999918397 -0.0370323109
57 0.999775507 0.0173844685 0.0121126207 -0.994683763 -0.0173807147 0.999848858 -0.000415111806 0.0449248292 -0.0121180065 0.000204492612 0.999926553 -0.0389568916
59 0.999791085 0.0202228301 -0.00297059556 -1.0189421 -0.0202149027 0.99979208 0.00267484475 0.0467332372 0.00302407084 -0.00261423564 0.99999201 -0.0411602377
69 0.999767505 0.021557805 -0.000444229056 -1.03968739 -0.0215561995 0.999762033 0.003347737 0.0474412135 0.000516293206 -0.00333738278 0.999994298 -0.0408283413
71 0.999786615 0.0198326436 0.00577843643 -1.0830647 -0.0198546247 0.999795763 0.00377177345 0.0503596719 -0.00570245202 -0.0038856973 0.999976191 -0.0420629069
72 0.99973845 0.0220262542 0.0061543453 -1.11273662 -0.0220208043 0.99975706 -0.000951900811 0.0516221679 -0.00617381697 0.000816128208 0.999980609 -0.0447944352
73 0.999765077 0.0205719361 0.0068253935 -1.14144584 -0.0205953855 0.999782168 0.00338329685 0.0540228921 -0.00675430574 -0.00352307365 0.999970983 -0.0434171284
75 0.999739129 0.0212791672 0.00829881644 -1.19168317 -0.021276634 0.999773549 -0.000393424359 0.0565099654 -0.00830530891 0.000216750846 0.999965487 -0.0457747673
77 0.999737161 0.0219210389 0.00671400122 -1.25403677 -0.0219297937 0.999758753 0.00123312218 0.0595100943 -0.00668535016 -0.00138003473 0.999976701 -0.047046578
79 0.99974706 0.0214662268 0.00670954733 -1.30623695 -0.0214854508 0.999765222 0.00280635052 0.0626911499 -0.00664773032 -0.00294979833 0.999973553 -0.0473543704
81 0.999730373 0.0219935751 0.00744745258 -1.36386756 -0.0220223301 0.999750252 0.00380131011 0.065780984 -0.0073619882 -0.00396429543 0.999965042 -0.0479038228
83 0.999744571 0.0215910725 0.00667971048 -1.41972531 -0.021617465 0.999758691 0.00390450262 0.0695353943 -0.00659379621 -0.00404790371 0.999970068 -0.0494987768
85 0.999773832 0.0203503986 0.00617629499 -1.47615277 -0.0203745652 0.999784906 0.00387543117 0.0731864092 -0.00609609993 -0.00400039399 0.999973417 -0.0502743916
87 0.999774482 0.0202535201 0.00638593717 -1.5249789 -0.0202805018 0.999785553 0.00418910593 0.0753942759 -0.00629972358 -0.00431767122 0.999970835 -0.0516478091
89 0.999776811 0.0202430889 0.00604535582 -1.59332983 -0.0202689535 0.999785538 0.00424824237 0.0801605327 -0.00595806177 -0.00436982725 0.999972703 -0.0535847131
91 0.999793278 0.0197250951 0.0049316651 -1.65168369 -0.0197487026 0.999793525 0.00478493823 0.0836768104 -0.00483626348 -0.00488134307 0.999976391 -0.0549005368
93 0.999786533 0.0197197742 0.00616591153 -1.70147366 -0.019756873 0.999786721 0.00601486085 0.0867861553 -0.00604598477 -0.00613539601 0.999962901 -0.0561158094
94 0.999786154 0.0196325013 0.00649700285 -1.73205043 -0.0196638637 0.99979513 0.0047990516 0.0887031298 -0.00640145442 -0.00492578152 0.999967378 -0.0566500476
95 0.999785473 0.0198866419 0.00579045875 -1.76192243 -0.019913772 0.999790813 0.00466595532 0.0905782468 -0.00569645728 -0.00478026422 0.999972349 -0.05713028
96 0.99979595 0.0193608127 0.00576336387 -1.80023388 -0.019397201 0.999791842 0.00632623415 0.0928265095 -0.00563968314 -0.00643673641 0.999963381 -0.057647874
98 0.999801493 0.01900213 0.00599104908 -1.85085276 -0.0190380308 0.999800796 0.00599341616 0.0959360313 -0.00587596797 -0.0061062842 0.999964093 -0.0583826273
99 0.999791539 0.0194455028 0.00622503391 -1.88183854 -0.0194881061 0.999786568 0.00685795922 0.097653098 -0.00609034883 -0.00697784372 0.999957108 -0.0596249363
100 0.999806898 0.0185428623 0.00650612192 -1.91179308 -0.0185889139 0.999802068 0.00709058077 0.0993384205 -0.00637335449 -0.0072101533 0.999953696 -0.0599209638
101 0.999806469 0.018789853 0.00582799468 -1.94303481 -0.0188323763 0.99979579 0.00732941119 0.100920999 -0.00568908599 -0.00743774771 0.999956156 -0.0614983537
103 0.999811842 0.0185883247 0.0055457168 -1.99603041 -0.0186278207 0.999800869 0.00715732457 0.104285337 -0.0054115698 -0.00725928248 0.999959008 -0.0620643411
104 0.999821423 0.018215787 0.00503060481 -2.02790054 -0.0182552029 0.99980212 0.00790372321 0.106242436 -0.00488563681 -0.0079941465 0.999956111 -0.0633146828
105 0.999814216 0.0187547685 0.00444890737 -2.05889537 -0.0187893649 0.999792518 0.0078664074 0.107907473 -0.00430045166 -0.00794853809 0.999959163 -0.0639808929
106 0.999826015 0.0178933094 0.0052695585 -2.08856034 -0.0179360427 0.999805698 0.00817704629 0.109651647 -0.0051222202 -0.00827013863 0.999952683 -0.0647721934
107 0.999816714 0.0185727114 0.00464675485 -2.11705969 -0.0186102688 0.999793399 0.00817420063 0.111438936 -0.00449397776 -0.00825917977 0.999955794 -0.065313372
109 0.999823499 0.0182157018 0.00459985441 -2.1620322 -0.0182512357 0.999802968 0.00780494438 0.114001452 -0.00445677555 -0.00788751983 0.999958961 -0.066436343
110 0.999829409 0.0180372963 0.00397593306 -2.18740315 -0.0180663433 0.999809442 0.00739505215 0.115355875 -0.00384178867 -0.0074656212 0.999964752 -0.0684289939
111 0.999832395 0.0179554652 0.00357528855 -2.21231117 -0.0179843246 0.999804558 0.00821035781 0.116505242 -0.003427169 -0.00827328087 0.999959903 -0.0681787993
112 0.999825035 0.0179965686 0.00510124091 -2.23744217 -0.0180309113 0.999814522 0.00676813744 0.118249616 -0.00497849149 -0.00685893328 0.999964084 -0.0699392552
114 0.999831426 0.017997139 0.00363631234 -2.27842281 -0.0180237101 0.999810089 0.007411538 0.120225553 -0.00350223529 -0.00747582845 0.999965923 -0.0706588326
116 0.999837456 0.0177060686 0.00339943427 -2.32697649 -0.0177291708 0.999819082 0.00689050179 0.123088427 -0.00327681556 -0.00694965093 0.999970482 -0.0725357164
117 0.99985142 0.0170145589 0.00276458406 -2.35581866 -0.0170331849 0.999831394 0.00685958358 0.124717743 -0.00264740514 -0.00690565406 0.999972651 -0.0734256301
119 0.99984033 0.017662896 0.00270864589 -2.39176812 -0.0176802431 0.999822434 0.00651999429 0.126657415 -0.00259300295 -0.00656684276 0.999975076 -0.0750880675
121 0.999856389 0.0167253609 0.00273196239 -2.43574818 -0.0167443727 0.999834658 0.0070910675 0.129105638 -0.00261291001 -0.00713579415 0.999971126 -0.0761466425
123 0.999861567 0.0164733748 0.00233964145 -2.48408077 -0.0164894365 0.999839395 0.00702015663 0.131817213 -0.00222362002 -0.00705776418 0.999972621 -0.0778006458
125 0.999857589 0.0167023065 0.00241565732 -2.53244695 -0.016718657 0.999836324 0.00691461449 0.134464573 -0.00229977193 -0.00695401632 0.999973176 -0.0797062232
127 0.999851012 0.0171130717 0.00225738924 -2.57124481 -0.0171258983 0.999836573 0.00579063334 0.136431959 -0.00215792479 -0.00582843043 0.999980686 -0.081426029
129 0.999854005 0.0169924546 0.00179580116 -2.61804326 -0.0170026651 0.999838434 0.00583231008 0.138682116 -0.00169640575 -0.005861992 0.999981379 -0.0832893189
131 0.999865391 0.0162191215 0.0024778818 -2.65662588 -0.0162342149 0.999849008 0.00619764642 0.140982985 -0.00237698728 -0.00623703863 0.999977724 -0.0835886267
132 0.999852565 0.0169497247 0.00274871955 -2.68097064 -0.0169662941 0.999837325 0.00612110324 0.142251084 -0.00264452139 -0.00616683636 0.999977488 -0.0845185394
134 0.999854892 0.0169250305 0.00193340836 -2.72654343 -0.0169356517 0.999840809 0.00561599838 0.14469662 -0.00183804964 -0.00564792698 0.999982361 -0.0862125667
136 0.99986909 0.015947327 0.0027360677 -2.7632514 -0.0159640877 0.999853235 0.00621745353 0.147056382 -0.00263651437 -0.00626031842 0.999976928 -0.0868786869
137 0.99986693 0.0160842083 0.00272412934 -2.78653261 -0.0160974276 0.99985841 0.0049023269 0.148080808 -0.00264489359 -0.00494552602 0.999984273 -0.0883809388
138 0.999866124 0.0161680708 0.00251552034 -2.81057488 -0.0161809298 0.999855671 0.00517836205 0.149723772 -0.00243143315 -0.00521837225 0.999983428 -0.0889271397
139 0.999884386 0.0151007094 0.00178437246 -2.8347439 -0.0151096876 0.999872682 0.00513004461 0.15079788 -0.00170667797 -0.00515641281 0.999985249 -0.0904525379
140 0.999858017 0.0167282064 0.00202808457 -2.86117892 -0.0167372277 0.999849724 0.00451597586 0.152342757 -0.00195223562 -0.00454927918 0.999987746 -0.0910434081
141 0.999887345 0.0149162754 0.00167389216 -2.88516789 -0.014923625 0.999878655 0.00446765371 0.154051138 -0.00160704829 -0.00449213094 0.999988619 -0.0912543606
143 0.999877086 0.0154732202 0.00252841991 -2.93029834 -0.0154831124 0.999872363 0.00394080723 0.156693454 -0.00246712021 -0.00397947066 0.999989039 -0.0924976235
144 0.9998764 0.0155350386 0.0024181299 -2.9681078 -0.0155424457 0.99987448 0.00307509276 0.158763825 -0.00237005469 -0.00311229633 0.999992348 -0.093697627
145 0.99988575 0.0149761344 0.00204974642 -2.99700944 -0.0149812681 0.999884618 0.00251253152 0.160340351 -0.00201188191 -0.00254295226 0.999994743 -0.0949285198
146 0.999873914 0.0157478554 0.00203982684 -3.02771068 -0.0157534157 0.999872155 0.00273912121 0.162075939 -0.00199643078 -0.00277091009 0.999994168 -0.0955324045
147 0.999897216 0.0142890786 0.00117424931 -3.05666314 -0.0142911955 0.999896229 0.00181458353 0.16362764 -0.00114819873 -0.00183117845 0.999997664 -0.0973791045
148 0.999882568 0.015315763 0.000526037356 -3.08685487 -0.0153168708 0.999880333 0.00217076605 0.165040268 -0.000492727468 -0.00217856838 0.999997506 -0.0980818354
149 0.999897572 0.0143123919 -2.32375733e-05 -3.11572782 -0.0143122896 0.999894471 0.00249116422 0.166687213 5.88896396e-05 -0.00249057647 0.999996897 -0.0999018996
150 0.999885457 0.0151346816 0.000121969246 -3.1459265 -0.0151348555 0.999884212 0.00158049161 0.168393008 -9.80348862e-05 -0.00158215656 0.999998744 -0.101399177
152 0.999882743 0.0152906336 0.000834640885 -3.19515099 -0.0152913429 0.999882719 0.000850213148 0.171338767 -0.0008215427 -0.000862876235 0.99999929 -0.102900761
154 0.99988566 0.0151123271 -0.000532698141 -3.24934189 -0.01511182 0.999885365 0.000943447657 0.174178323 0.000546894764 -0.000935289746 0.999999413 -0.105949488
156 0.999890751 0.0147705181 -0.000564048322 -3.302671 -0.0147700715 0.999890606 0.000787872849 0.177011076 0.000575623909 -0.00077945574 0.999999531 -0.107995783
158 0.999904179 0.0138375464 -0.00039395141 -3.34768429 -0.0138372916 0.999904054 0.000642404532 0.179548623 0.000402802914 -0.000636891755 0.999999716 -0.109662015
160 0.999895646 0.0144458605 0.000119065333 -3.40279954 -0.0144459453 0.999895374 0.000745340075 0.182624569 -0.000108285797 -0.000746982308 0.999999715 -0.11125296
162 0.999895541 0.0144302485 -0.000822137698 -3.44902766 -0.0144303405 0.999895872 -0.000106070403 0.185285029 0.000820521468 0.00011792305 0.999999656 -0.11380223
163 0.999890199 0.0148006563 -0.000728930479 -3.47901175 -0.014800796 0.999890445 -0.000186626314 0.186800864 0.000726088429 0.000197394573 0.999999717 -0.114774278
164 0.999899177 0.0141983749 0.000206658138 -3.50937517 -0.014198082 0.999898283 -0.00135594931 0.188243128 -0.000225889394 0.00135287845 0.999999059 -0.116027116
165 0.99987718 0.0156679591 -0.000373778019 -3.54172543 -0.0156681995 0.999877036 -0.000649138603 0.189975273 0.00036356138 0.000654915304 0.999999719 -0.11694198
166 0.999899397 0.0141806155 -0.000325704918 -3.57285251 -0.0141809605 0.999898859 -0.00108256196 0.191553066 0.000310320581 0.00108707186 0.999999361 -0.118451212
167 0.999884099 0.0151937661 -0.000968245697 -3.60445 -0.0151954697 0.999882963 -0.00177717685 0.193126628 0.000941130367 0.00179168383 0.999997952 -0.119720102
169 0.999875852 0.0157543451 0.000286264435 -3.66055236 -0.015754141 0.99987565 -0.000701815453 0.197199515 -0.00029728548 0.000697218474 0.999999713 -0.121179728
170 0.999899872 0.014004369 -0.00203091104 -3.69179106 -0.0140062597 0.999901485 -0.0009197258 0.198432712 0.00201783079 0.000948079177 0.999997515 -0.122913934
171 0.999894986 0.0144323113 -0.00131381347 -3.73550971 -0.0144342478 0.999894731 -0.00147658807 0.200257609 0.00129236459 0.00149539691 0.999998047 -0.124376736
172 0.999882055 0.0152687406 -0.00165594266 -3.76762851 -0.0152704761 0.999882858 -0.0010405445 0.202401828 0.00163986087 0.0010657088 0.999998088 -0.126047268
174 0.999878333 0.0154950464 -0.00179522937 -3.82347748 -0.0154982336 0.999878319 -0.00177526331 0.205842704 0.00176750314 0.00180287021 0.999996813 -0.128305871
175 0.999892828 0.0144312484 -0.00246392526 -3.85728276 -0.0144382982 0.99989165 -0.0028678259 0.207712278 0.00242227198 0.00290309344 0.999992852 -0.130215375
176 0.999869473 0.0160938 -0.00142378585 -3.89334121 -0.0160974256 0.999867118 -0.00257273398 0.209411077 0.00138219159 0.00259531746 0.999995677 -0.131000161
177 0.99987846 0.0153662844 -0.00263478923 -3.92737772 -0.0153707771 0.999880429 -0.00169346448 0.211107765 0.00260845193 0.00173375742 0.999995095 -0.132320656
178 0.999885958 0.0150286613 -0.00148643949 -3.96262823 -0.0150335048 0.999881536 -0.0033027373 0.212834297 0.00143662768 0.00332470705 0.999993441 -0.134337677
179 0.99987133 0.0160229324 -0.000768032136 -4.00011791 -0.016024888 0.999868183 -0.00261157138 0.215390682 0.000726085864 0.00262354298 0.999996295 -0.134347719
181 0.999862346 0.0165918597 1.42607615e-05 -4.06021825 -0.016591712 0.999856408 -0.00344651827 0.217417543 -7.14428613e-05 0.00344580723 0.999994061 -0.136479291
182 0.999885143 0.015147834 -0.000492947146 -4.09527215 -0.015148975 0.999882368 -0.00239958436 0.219298206 0.000456540654 0.00240677639 0.999996999 -0.137569398
183 0.999867941 0.0161990277 -0.00130101224 -4.129483 -0.0162036093 0.999862261 -0.00359185163 0.220979257 0.00124264853 0.00361245838 0.999992703 -0.138965047
184 0.999872317 0.0159701656 -0.000550030762 -4.16297163 -0.0159717067 0.999868176 -0.00292165503 0.223056372 0.00050329894 0.00293006692 0.999995581 -0.139604372
185 0.999880746 0.0153443448 -0.00174496809 -4.19461662 -0.0153499278 0.999876958 -0.00323239832 0.22431112 0.00169515435 0.00325879798 0.999993253 -0.141913475
187 0.999881984 0.0153306554 -0.000994108885 -4.24811124 -0.0153321283 0.999881344 -0.00149141171 0.22746204 0.000971126609 0.0015064775 0.999998394 -0.141698421
188 0.999860046 0.0165615357 -0.00236731393 -4.27888566 -0.0165660493 0.999860969 -0.00189988271 0.228716797 0.00233551983 0.00193883385 0.999995393 -0.143124884
189 0.999879415 0.0153759255 -0.00217611074 -4.30791881 -0.0153813643 0.999878562 -0.00250507315 0.230414025 0.00213732866 0.00253824263 0.999994495 -0.145251361
190 0.999869815 0.0159894767 -0.00216558632 -4.34606575 -0.0159947263 0.999869126 -0.00242887995 0.231941292 0.00212646638 0.00246320171 0.999994705 -0.147614787
192 0.999864495 0.0162643205 -0.00254223194 -4.39177115 -0.0162704516 0.999864723 -0.0024099347 0.234513609 0.00250269209 0.00245097141 0.999993865 -0.148915238
193 0.99986188 0.0165722898 -0.00125706688 -4.41916794 -0.0165754158 0.999859447 -0.00251843578 0.235914326 0.00121515395 0.00253892434 0.999996039 -0.150401953
195 0.999864973 0.016244543 -0.00248017567 -4.47318099 -0.0162501456 0.999865413 -0.00225578067 0.239177607 0.00244319774 0.00229577929 0.99999438 -0.151889975
197 0.999867158 0.0162078351 -0.00172409354 -4.51758579 -0.016213128 0.999863748 -0.00310158093 0.24143286 0.00167358871 0.00312912185 0.999993704 -0.153270918
198 0.99986825 0.0160437081 -0.0024661526 -4.5538986 -0.016050478 0.9998674 -0.00275029746 0.243209108 0.00242170062 0.00278951804 0.999993177 -0.154427824
199 0.999882516 0.0150985134 -0.00264354108 -4.58151457 -0.0151054576 0.999882455 -0.0026268743 0.244872336 0.00260356845 0.00266649758 0.999993056 -0.156012724
200 0.999876932 0.0154999232 -0.00242360055 -4.61119397 -0.0155083441 0.999873629 -0.00349524728 0.247234209 0.00236911821 0.00353240316 0.999990955 -0.157392637
202 0.999879614 0.0153705524 -0.00212201636 -4.66122325 -0.0153788799 0.999873875 -0.00396544161 0.249517449 0.00206079769 0.00399759846 0.999989886 -0.159334645
203 0.999881422 0.0152300282 -0.00227757277 -4.70319251 -0.0152386171 0.999876655 -0.00380249066 0.251538248 0.00221937981 0.00383674683 0.999990177 -0.160378979
204 0.999884346 0.0150721348 -0.00203085881 -4.73608451 -0.0150798207 0.999878981 -0.00382393863 0.253105857 0.00197297812 0.00385412136 0.999990627 -0.161169489
205 0.999892932 0.0144572698 -0.00226078596 -4.78195868 -0.0144655198 0.99988861 -0.00367643504 0.255936441 0.00220738292 0.00370874486 0.999990686 -0.162737487
207 0.999894923 0.0143344483 -0.00216013167 -4.84143844 -0.0143417739 0.99989132 -0.00341484005 0.258709713 0.00211094706 0.00344546135 0.999991836 -0.164603587
208 0.999893127 0.014381699 -0.00262698194 -4.87728441 -0.0143907569 0.999890453 -0.003462303 0.260284281 0.00257690036 0.00349973723 0.999990556 -0.166027419
209 0.999895834 0.0142395987 -0.0023570322 -4.91360001 -0.0142496976 0.999889115 -0.00432473323 0.26274813 0.00229518838 0.00435786973 0.99998787 -0.167547534
210 0.9999 0.0138862003 -0.00267651789 -4.94896867 -0.0138946727 0.999898429 -0.00317329338 0.264467678 0.00263218105 0.00321016539 0.999991383 -0.168436248
211 0.999898481 0.0140502474 -0.00237043361 -4.98391889 -0.0140598575 0.999892801 -0.00408741497 0.266253209 0.00231275031 0.00412032798 0.999988837 -0.169905826
213 0.999905843 0.0133812295 -0.00304102354 -5.04934553 -0.013392251 0.999903719 -0.00363330299 0.270056019 0.00299211269 0.00367368704 0.999988776 -0.172403042
215 0.999908458 0.0132705135 -0.00263997998 -5.11330556 -0.0132802621 0.99990493 -0.00371009309 0.27361024 0.00259049416 0.00374481309 0.999989633 -0.174425019
217 0.999911707 0.0130059889 -0.00272458279 -5.16519401 -0.0130154401 0.999909239 -0.0034803265 0.276454361 0.00267907041 0.00351548085 0.999990232 -0.17657585
219 0.999922066 0.0122643089 -0.0023344078 -5.22609762 -0.0122730858 0.999917525 -0.00378337154 0.279729638 0.00228781483 0.00381172707 0.999990118 -0.178604479
221 0.99991484 0.0127190604 -0.00292200797 -5.28781359 -0.0127281908 0.999914102 -0.00312765939 0.282808692 0.00288197609 0.00316458491 0.99999084 -0.179894375
223 0.999920234 0.0124344231 -0.00221602563 -5.33988762 -0.0124397819 0.999919692 -0.00242108973 0.285124885 0.00218574281 0.00244846348 0.999994614 -0.181181168
224 0.999921411 0.0122124979 -0.00283309349 -5.38112424 -0.0122220681 0.999919576 -0.00338564166 0.286996063 0.0027915185 0.00342000185 0.999990255 -0.182803324
226 0.999926979 0.0118889203 -0.00216589694 -5.44351525 -0.0118922051 0.999928145 -0.0015100854 0.290233174 0.00214778802 0.00153573242 0.999996514 -0.184046929
228 0.999926796 0.0118347969 -0.00251786906 -5.50572134 -0.0118396143 0.999928091 -0.00190707534 0.294094818 0.00249511815 0.00193674633 0.999995012 -0.186051736
229 0.999933235 0.0113178019 -0.00233094234 -5.53625681 -0.0113216893 0.999934527 -0.00166135588 0.295572075 0.00231198683 0.00168763517 0.999995903 -0.186892269
230 0.999935711 0.0111428719 -0.00210026964 -5.57696101 -0.011147889 0.999934998 -0.00239238937 0.297679037 0.00207347503 0.00241564914 0.999994933 -0.188251661
231 0.999939729 0.0107840035 -0.00206014517 -5.60784084 -0.0107861244 0.999941307 -0.00102115284 0.29957774 0.00204901213 0.00104331227 0.999997357 -0.188296717
232 0.99993787 0.0109656102 -0.00200288566 -5.63871572 -0.0109692647 0.999938174 -0.0018228211 0.301121014 0.00198277348 0.00184467803 0.999996333 -0.189420144
233 0.99994104 0.0107675636 -0.00140607074 -5.67119074 -0.0107702221 0.9999402 -0.00189707495 0.303111186 0.00138555978 0.00191210679 0.999997212 -0.189989533
234 0.999942276 0.0106412358 -0.00148618396 -5.70309952 -0.0106429466 0.999942703 -0.00114796136 0.304818338 0.00147388307 0.00116371247 0.999998237 -0.190171223
236 0.999943751 0.0105820533 -0.000717264788 -5.75273086 -0.0105782496 0.99993097 0.00511421501 0.303021381 0.000771334171 -0.00510633993 0.999986665 -0.188969399
237 0.999950747 0.00972789908 -0.00196765211 -5.78224006 -0.0097268553 0.999952548 0.000539348731 0.308144096 0.00197280547 -0.000520183099 0.999997919 -0.192828602
238 0.999931439 0.0105773235 0.00502371576 -5.81111449 -0.0105889875 0.999941288 0.00230088094 0.311634493 -0.00499908364 -0.00235391925 0.999984734 -0.195315202
239 0.999956533 0.00881527917 0.00303690346 -5.84050192 -0.0088128466 0.999960835 -0.000813456708 0.310891441 -0.00304395537 0.000786657586 0.999995058 -0.196891439
240 0.999943155 0.0103569137 0.00253384886 -5.87206501 -0.0103533794 0.999945417 -0.001403995 0.312614006 -0.00254825161 0.0013776813 0.999995804 -0.198635466
241 0.99995709 0.00846858505 0.00375528453 -5.90262779 -0.00847036976 0.99996402 0.000459603664 0.314490939 -0.00375125722 -0.000491392591 0.999992843 -0.197906756
243 0.99995514 0.00856398413 0.00404664727 -5.95159545 -0.0085628121 0.999963291 -0.000306867656 0.316305671 -0.00404912673 0.00027220321 0.999991765 -0.200998381
244 0.999958571 0.00876406986 0.00245932714 -5.98264168 -0.00876313489 0.999961527 -0.000390692156 0.317533301 -0.00246265657 0.000369124554 0.9999969 -0.20190132
245 0.999958352 0.00855996509 0.00316553995 -6.0136289 -0.00855711997 0.999962972 -0.000911233936 0.318931502 -0.00317322286 0.00088410808 0.999994574 -0.203216182
246 0.999957887 0.00837364208 0.00375587113 -6.04509154 -0.00837590748 0.999964749 0.000587837834 0.320976567 -0.00375081639 -0.000619271907 0.999992774 -0.203360921
248 0.999958675 0.00840080288 0.0034748514 -6.09738764 -0.00840031051 0.999964705 -0.000156266489 0.323467455 -0.00347604152 0.000127070201 0.99999395 -0.206103082
249 0.999960853 0.00835757127 0.00290562059 -6.12846722 -0.00836082098 0.999964434 0.00110808124 0.324587889 -0.00289625638 -0.00113233124 0.999995165 -0.206227387
250 0.999966063 0.00746121893 0.00349323417 -6.15908624 -0.00746177162 0.99997215 0.000145212928 0.325855107 -0.00349205342 -0.000171273715 0.999993888 -0.207773944
251 0.999957896 0.00847352825 0.00352225083 -6.18995343 -0.00847724637 0.999963525 0.00104202362 0.328064642 -0.00351329274 -0.00107183874 0.999993254 -0.208085783
253 0.999960019 0.00799606991 0.00400301613 -6.25966176 -0.00799924267 0.999967704 0.00077720896 0.331393192 -0.00399667223 -0.000809198983 0.999991686 -0.21025128
254 0.999959186 0.00816570726 0.00386627905 -6.29001127 -0.0081726305 0.999965022 0.00177827475 0.332503736 -0.00385162294 -0.00180979984 0.999990945 -0.210352501
255 0.999963518 0.00765511192 0.00378971103 -6.32089467 -0.00765576374 0.999970682 0.000157519678 0.334320533 -0.0037883941 -0.000186527063 0.999992807 -0.21194533
256 0.999957933 0.00824010092 0.00402899509 -6.3636364 -0.00825203755 0.999961585 0.00295508843 0.336679056 -0.00400449009 -0.00298821154 0.999987517 -0.211493704
258 0.999958283 0.00828217184 0.00385195672 -6.42742613 -0.00829361719 0.999961212 0.00296488631 0.339535613 -0.00382725161 -0.00299670928 0.999988186 -0.212832605
260 0.999960223 0.00810661115 0.00371956441 -6.49161189 -0.00811723955 0.99996299 0.00285128816 0.342317463 -0.00369631247 -0.00288136734 0.999989017 -0.215098851
262 0.999957991 0.00824240444 0.00400974193 -6.54650171 -0.00826070974 0.999955436 0.00457026723 0.345844327 -0.00397189325 -0.00460319855 0.999981517 -0.216334694
264 0.999958468 0.00845737699 0.00339628701 -6.60821944 -0.00847364318 0.999952559 0.00480392139 0.349023573 -0.00335549731 -0.00483250079 0.999982694 -0.217985579
266 0.999962433 0.00802349567 0.00327960243 -6.6685716 -0.00803858426 0.999957046 0.00461374277 0.352141672 -0.00324244321 -0.00463993281 0.999983979 -0.220387003
268 0.999962564 0.0080970248 0.0030509067 -6.71959004 -0.00811247908 0.999954151 0.00508761159 0.354598578 -0.0030095723 -0.00511217155 0.999982404 -0.222002265
270 0.999962544 0.00826580602 0.00256657983 -6.78204431 -0.00828030334 0.999949528 0.00569020364 0.357677784 -0.00251941617 -0.00571124256 0.999980517 -0.224021139
272 0.999962005 0.00837851186 0.00240594449 -6.83374962 -0.00838843295 0.999956232 0.00414351993 0.360296067 -0.00237112265 -0.00416354461 0.999988521 -0.225715898
274 0.999959184 0.00844887999 0.00320114787 -6.89540545 -0.00846899312 0.999944149 0.00632252232 0.362877574 -0.00314755086 -0.00634937476 0.999974889 -0.227683014
276 0.999963896 0.00829459526 0.00184573492 -6.95642406 -0.00830576114 0.999946739 0.00612643967 0.3667813 -0.00179482028 -0.00614154871 0.99997953 -0.23020596
277 0.999957006 0.00874602602 0.00308121944 -6.98975837 -0.00876646696 0.999939233 0.00668420189 0.367942047 -0.003022572 -0.00671092592 0.999972913 -0.230503325
278 0.999959349 0.00841414552 0.00324082461 -7.02284874 -0.0084346951 0.999944073 0.00638025237 0.369901808 -0.00318695899 -0.00640732837 0.999974394 -0.231714503
279 0.999957155 0.00875819484 0.00299700998 -7.05649293 -0.00878112923 0.999931592 0.00772680155 0.371582349 -0.00292913213 -0.00775278763 0.999965657 -0.232669599
280 0.999961104 0.00838060281 0.00274899128 -7.09024982 -0.00839957119 0.999940482 0.00696272364 0.373416724 -0.00269047585 -0.00698554316 0.999971981 -0.233843532
281 0.999957376 0.00890005422 0.00245683251 -7.1241718 -0.00891693071 0.999936119 0.00694591596 0.375199952 -0.00239485654 -0.0069675273 0.999972859 -0.235345992
282 0.999902838 0.0135747864 0.00316853322 -7.15722845 -0.0135985494 0.999878632 0.00760266857 0.375754895 -0.00306494406 -0.00764501733 0.999966079 -0.235175464
284 0.999855766 0.00892471962 0.0144497727 -7.21649217 -0.00900101275 0.999945847 0.00522348569 0.377957998 -0.014402372 -0.00535279488 0.999881953 -0.238326004
285 0.999892883 0.00764364299 0.0124818409 -7.24823821 -0.00772962653 0.999946629 0.0068550394 0.379304762 -0.0124287772 -0.00695078508 0.999898601 -0.238437661
286 0.999906434 0.00811142038 0.0110149051 -7.28048573 -0.00819153118 0.999940185 0.00724740941 0.381251299 -0.0109554595 -0.00733696024 0.99991307 -0.239969797
287 0.999902465 0.00774108724 0.0116248307 -7.31193981 -0.00782890328 0.999941019 0.00752776711 0.383141944 -0.011565872 -0.00761804256 0.999904093 -0.24086803
289 0.999913603 0.00851200253 0.0100165801 -7.36856734 -0.00859681518 0.999927302 0.00845485356 0.387144586 -0.00994388414 -0.00854023378 0.999914088 -0.244161722
290 0.999938668 0.00718679362 0.00842676878 -7.40157609 -0.00726359588 0.999932038 0.00911917708 0.388994019 -0.00836065844 -0.00917982643 0.999922912 -0.244698561
291 0.999934738 0.00763499335 0.0084986361 -7.43636287 -0.00769482997 0.99994568 0.00703044249 0.389942311 -0.00844449707 -0.00709537922 0.999939171 -0.246857645
292 0.999923745 0.00783916109 0.00954213406 -7.47209124 -0.00792951669 0.999923733 0.00946840667 0.391946134 -0.00946718195 -0.00954334917 0.999909644 -0.247539677
294 0.999938447 0.00796392108 0.00772514383 -7.53140568 -0.00801727629 0.999944052 0.00690049194 0.394285008 -0.00766975664 -0.00696200181 0.999946351 -0.252536228
295 0.99993216 0.00817077032 0.00830146584 -7.56769482 -0.0082413747 0.999929855 0.00850674134 0.395967357 -0.00823137691 -0.00857457973 0.999929358 -0.253879973
296 0.999927517 0.00842385578 0.00860227881 -7.60444648 -0.00848523366 0.999938625 0.00712367699 0.397427832 -0.00854174202 -0.00719615299 0.999937625 -0.256288617
297 0.999915848 0.00843717959 0.00985445753 -7.64188119 -0.00850340544 0.999941413 0.00669794089 0.399809172 -0.00979736846 -0.00678117369 0.999929011 -0.256599083
299 0.9999247 0.0078541455 0.00942904287 -7.70228168 -0.00791921094 0.999944953 0.00688314551 0.401484447 -0.0093744626 -0.00695729779 0.999931855 -0.259214729
300 0.999899665 0.00863095057 0.0112323483 -7.74085871 -0.00870717294 0.999939277 0.00675485128 0.40347013 -0.0111733654 -0.00685197554 0.999914099 -0.2605209
301 0.999909669 0.00780331909 0.0109435876 -7.7791799 -0.0078834799 0.999942271 0.00730100271 0.405326154 -0.0108859838 -0.00738661676 0.999913463 -0.262290468
302 0.999912046 0.00858818585 0.0101065629 -7.81927323 -0.00864925654 0.999944506 0.00601456167 0.408567652 -0.0100543479 -0.00610144693 0.999930839 -0.262574159
304 0.999898491 0.00830104554 0.0115801744 -7.88373147 -0.00838472066 0.999938955 0.00719598203 0.410636357 -0.0115197333 -0.0072923481 0.999907054 -0.265109491
305 0.99990442 0.00807628247 0.0112216512 -7.93591054 -0.00817152134 0.999930763 0.00846729258 0.413357192 -0.01115249 -0.00855818123 0.999901185 -0.265939483
306 0.999907552 0.00845750402 0.0106469896 -7.97480403 -0.00853264878 0.999938868 0.00703231257 0.415148429 -0.0105868629 -0.00712250947 0.999918591 -0.267855852
307 0.999925317 0.00795949826 0.00927394725 -8.02498943 -0.00803031133 0.999938695 0.00762364618 0.417545321 -0.00921269832 -0.00769754951 0.999927934 -0.270034973
309 0.999908543 0.00816678239 0.0107800802 -8.08679055 -0.00823564168 0.999945869 0.00635877981 0.420572062 -0.0107275659 -0.00644697913 0.999921675 -0.2724316
310 0.999918151 0.00805430931 0.00994082387 -8.13282032 -0.00812038193 0.999945088 0.00662422438 0.423301857 -0.00988692444 -0.00670440548 0.999928647 -0.274192632
311 0.999930175 0.00750466628 0.00912829455 -8.16671898 -0.00757229719 0.99994397 0.00739707258 0.424593244 -0.00907227053 -0.00746567824 0.999930976 -0.275083118
312 0.999929913 0.00745674697 0.00919592836 -8.20076726 -0.00752192984 0.999946687 0.00707413423 0.426526895 -0.00914268807 -0.00714280956 0.999932693 -0.277892013
314 0.999938514 0.00773273997 0.00794810826 -8.27004795 -0.00778582014 0.99994745 0.00666923664 0.429932322 -0.00789611911 -0.00673070911 0.999946173 -0.280260225
315 0.9999401 0.00759953023 0.00787681867 -8.30431541 -0.00765088871 0.999949536 0.0065107104 0.431746037 -0.00782694284 -0.00657058507 0.999947782 -0.282336144
316 0.999938039 0.00818006377 0.00755018592 -8.33890822 -0.00821879787 0.999953151 0.00511352775 0.433203445 -0.00750800321 -0.00517526436 0.999958422 -0.28456033
317 0.999933153 0.00799697751 0.00835092869 -8.37412681 -0.00803441572 0.999957781 0.00445923617 0.435375353 -0.00831491571 -0.00452603291 0.999955188 -0.286434911
318 0.999924693 0.00893832227 0.00840919284 -8.40909979 -0.00897335485 0.999951179 0.00413751958 0.436561834 -0.00837179981 -0.00421266666 0.999956082 -0.287851273
319 0.999933709 0.00818564187 0.00809773349 -8.44382367 -0.00822035202 0.999957128 0.00426244582 0.438812498 -0.00806249546 -0.00432872947 0.999958128 -0.290346906
320 0.999926919 0.00846166948 0.00863459225 -8.47977085 -0.00849553349 0.999956335 0.00389278688 0.439943952 -0.00860127575 -0.00396585786 0.999955144 -0.291857092
321 0.99992913 0.00843192927 0.00840460388 -8.51552456 -0.00845151952 0.999961645 0.00229811004 0.442111857 -0.00838490402 -0.00236897885 0.99996204 -0.293401541
322 0.999932433 0.00794014745 0.00849018819 -8.55154566 -0.00796763404 0.99996311 0.00320854524 0.442424963 -0.00846439866 -0.00327597516 0.99995881 -0.295339295
323 0.999928874 0.00852637223 0.00833955678 -8.5886321 -0.00854232053 0.999961749 0.0018786203 0.445266332 -0.00832321997 -0.00194972584 0.999963461 -0.297449235
324 0.99993342 0.00821809044 0.00810050267 -8.62569559 -0.00823790046 0.999963151 0.00241520526 0.44662466 -0.0080803558 -0.00248177559 0.999964274 -0.298955605
325 0.999923776 0.00872814502 0.00873282657 -8.66393145 -0.0087317554 0.999961807 0.0003753845 0.448564409 -0.00872921662 -0.000451608792 0.999961798 -0.30121676
326 0.999926787 0.00837570694 0.00873316627 -8.70240322 -0.00838024237 0.999964769 0.00048286878 0.450681158 -0.00872881422 -0.000556019478 0.999961749 -0.303339157
327 0.999931998 0.00779233484 0.00867637454 -8.75428868 -0.00779003198 0.999969612 -0.00029918174 0.453835144 -0.00867844221 0.00023157216 0.999962315 -0.304511892
329 0.999941388 0.00721179737 0.00807524556 -8.8183964 -0.00720825997 0.999973911 -0.000467073277 0.455991175 -0.00807840332 0.000408837432 0.999967286 -0.308676426
330 0.999941561 0.00733458046 0.00794216456 -8.86826113 -0.00733223783 0.999973066 -0.000324038594 0.458838833 -0.00794432733 0.000265785818 0.999968408 -0.310580533
331 0.999939204 0.00717328849 0.00837447435 -8.90573091 -0.00716119643 0.999973273 -0.00147301437 0.46078814 -0.00838481689 0.00141295356 0.999963849 -0.312010293
332 0.999942612 0.00709256477 0.00802920662 -8.95589179 -0.00708672468 0.999974603 -0.000755573234 0.463276455 -0.00803436166 0.000698629097 0.99996748 -0.314271925
333 0.999940659 0.00701252686 0.00833688578 -8.99347616 -0.00699459151 0.999973164 -0.00217853971 0.465285684 -0.00835193912 0.00212009733 0.999962874 -0.316432213
334 0.999945116 0.00685262535 0.00792501272 -9.03108711 -0.00683944803 0.999975185 -0.00168865897 0.467322032 -0.00793638781 0.00163436358 0.999967171 -0.317603914
336 0.999947831 0.00648837885 0.00788896164 -9.10629404 -0.00647081854 0.999976534 -0.0022494251 0.470800595 -0.00790337164 0.00219825971 0.999966352 -0.320864444
337 0.999948859 0.00644846421 0.00779082367 -9.14389521 -0.0064350102 0.999977763 -0.00175073941 0.472049626 -0.00780194 0.00170051584 0.999968118 -0.322539851
338 0.999947694 0.00680363875 0.00763672525 -9.18138228 -0.00677820778 0.999971413 -0.00335104659 0.473857257 -0.00765930625 0.003299108 0.999965225 -0.324666791
339 0.999944226 0.00720392559 0.00772318298 -9.21933677 -0.00718101402 0.999969745 -0.0029902343 0.476342725 -0.00774449075 0.00293460724 0.999965705 -0.326345247
340 0.999947197 0.00631540581 0.00810667844 -9.25690945 -0.00628526368 0.99997326 -0.00373829202 0.477762884 -0.00813007049 0.00368714201 0.999960153 -0.328665754
341 0.99995212 0.00635297918 0.00744296326 -9.3070062 -0.00633016492 0.999975206 -0.00308477042 0.480932625 -0.0074623762 0.00303750753 0.999967543 -0.330191605
343 0.99994725 0.0070095752 0.00750756716 -9.37154623 -0.00697783529 0.999966642 -0.00424560534 0.483676264 -0.00753707661 0.00419299482 0.999962805 -0.33369388
344 0.999947399 0.00692550896 0.0075654442 -9.40951283 -0.0068952975 0.999968178 -0.00401216023 0.485427466 -0.00759298971 0.0039597832 0.999963333 -0.334949138
345 0.999942008 0.00716342436 0.00804150168 -9.44777983 -0.0071271767 0.999964353 -0.00452721712 0.487350811 -0.00807364541 0.00446964138 0.999957418 -0.336765727
346 0.99994822 0.00725001135 0.00714106782 -9.48503149 -0.0072239187 0.999967162 -0.00367292742 0.489286016 -0.00716746209 0.00362115075 0.999967757 -0.338063458
348 0.999940966 0.00812517699 0.00721429937 -9.54617646 -0.00808524469 0.999951928 -0.00554717876 0.492053676 -0.00725902437 0.00548852191 0.99995859 -0.34109665
349 0.999947607 0.00774224813 0.00669639205 -9.57914218 -0.00771437005 0.999961511 -0.00417900809 0.493853535 -0.00672848923 0.00412713069 0.999968847 -0.341978759
351 0.999948491 0.00841115519 0.00568047936 -9.63684065 -0.00838289724 0.999952461 -0.00498019255 0.496629733 -0.00572209849 0.00493231715 0.999971465 -0.344877968
353 0.999946736 0.00851548689 0.005831998 -9.67766489 -0.00847948318 0.999945009 -0.00617062772 0.498836636 -0.00588422319 0.00612084672 0.999963955 -0.347086093
355 0.999942579 0.00815090318 0.006957135 -9.72511734 -0.00811339307 0.99995249 -0.00540290452 0.500822966 -0.00700084302 0.00534614831 0.999961203 -0.349009556
357 0.999949302 0.00807787295 0.00601175099 -9.78289953 -0.00804057157 0.999948433 -0.00620326213 0.503801245 -0.00606155015 0.00615460972 0.999962688 -0.352046314
359 0.999945504 0.00831584398 0.00631153199 -9.83220278 -0.00827798427 0.99994773 -0.00600110328 0.506232951 -0.00636110632 0.00594852949 0.999962075 -0.354106183
361 0.99994406 0.00859939751 0.00615853039 -9.87100632 -0.00856288024 0.999945745 -0.00593156497 0.508017731 -0.00620920414 0.0058784984 0.999963444 -0.355549733
362 0.999941481 0.00880158419 0.0062902343 -9.90231527 -0.00875922485 0.999938988 -0.00673026136 0.509482939 -0.00634908749 0.00667476993 0.999957567 -0.356490097
364 0.999940091 0.0090542727 0.00615104937 -9.95243408 -0.00901096074 0.999934668 -0.00703299072 0.51175439 -0.00621432612 0.00697714252 0.99995635 -0.359527027
366 0.999937975 0.00928935438 0.00614439947 -9.99386197 -0.00924879028 0.999935464 -0.00659759361 0.514075432 -0.00620529032 0.00654035613 0.999959358 -0.361106853
367 0.999930116 0.00974117071 0.00669868879 -10.0276249 -0.00969555603 0.999929817 -0.00680858367 0.515489162 -0.00676454224 0.00674316034 0.999954384 -0.362566037
369 0.99992567 0.0094025247 0.00776195352 -10.0725547 -0.00935330342 0.999936072 -0.00635348334 0.518160486 -0.0078211961 0.00628041117 0.999949691 -0.364215146
370 0.999927633 0.00942329672 0.00747869124 -10.1008295 -0.00936845373 0.999929215 -0.00733469647 0.519397021 -0.00754727888 0.0072641019 0.999945134 -0.366037154
371 0.999919401 0.00995567467 0.0078787754 -10.1316761 -0.00989980894 0.999925802 -0.00709817836 0.520700142 -0.00794885796 0.00701960788 0.999943769 -0.36654787
372 0.999916768 0.0101601458 0.00795160888 -10.1627474 -0.0101043056 0.999924228 -0.00703144784 0.522425083 -0.00802244691 0.00695051712 0.999943664 -0.367574627
374 0.999910304 0.0105788103 0.00821414404 -10.2142045 -0.0105200774 0.999919022 -0.00716080355 0.52463741 -0.00828923166 0.00707374783 0.999940624 -0.369383432
